1
198
52 7
66 52
47 15
94 68
66 56
67 85
76 92
90 78
62 54
8 22
68 28
23 88
15 37
81 13
97 49
56 7
4 96
26 88
79 63
64 76
97 46
60 48
29 83
63 43
23 12
61 27
83 9
55 60
11 57
96 98
14 44
53 48
45 39
57 91
1 90
64 58
69 45
86 50
89 14
53 72
96 36
92 41
73 35
6 36
31 27
17 64
61 16
31 3
85 8
34 79
57 24
0 79
68 59
76 10
35 1
27 38
42 31
32 87
42 61
79 75
38 35
86 8
46 93
51 2
44 11
21 12
2 53
19 69
20 87
88 81
95 51
98 42
30 59
83 22
65 24
10 86
40 32
5 80
82 18
78 17
30 58
59 67
62 91
28 13
14 40
55 44
38 40
6 96
26 42
74 5
13 29
73 56
52 9
16 66
91 26
70 82
54 26
20 65
28 67
16 73
37 45
17 30
98 25
88 61
84 17
74 76
9 34
81 16
35 32
7 0
12 28
10 41
56 1
89 55
6 72
91 23
15 63
87 78
44 20
6 2
99 85
48 57
34 15
85 83
5 92
12 81
6 4
75 74
7 34
77 89
3 38
37 43
13 66
22 46
49 93
1 0
50 97
3 14
47 19
33 77
67 29
95 89
33 95
43 5
6 53
4 54
8 97
2 60
18 49
72 4
72 62
36 33
22 47
50 18
46 19
60 11
9 47
58 99
99 86
29 52
6 95
58 10
36 25
27 73
24 23
43 39
90 84
92 70
6 33
11 65
25 31
48 62
51 55
94 30
54 98
19 37
39 80
0 84
41 82
59 99
78 94
71 94
40 20
65 71
71 21
24 21
87 71
6 51
41 50
84 75
75 64
21 68
25 77
93 69
80 70
63 74
32 90
77 3
