1
134
1 47
19 47
17 47
18 47
46 47
53 47
52 47
48 47
47 24
71 69
56 69
16 69
4 69
55 69
5 69
69 72
69 70
69 24
10 68
10 11
11 68
11 6
6 68
6 67
68 67
67 7
7 68
7 60
68 60
8 60
8 68
8 58
68 58
24 68
57 64
59 64
9 64
61 64
66 64
62 64
65 64
63 64
57 59
59 9
9 61
66 61
66 62
65 63
24 64
35 34
35 76
35 73
35 77
82 35
83 35
75 35
74 35
33 35
33 34
33 76
33 73
33 77
33 82
33 83
33 75
33 74
34 76
76 73
77 73
77 82
82 83
83 75
75 74
35 24
14 78
31 78
13 78
12 78
30 78
44 78
32 78
15 78
24 78
91 92
26 91
93 91
41 91
38 91
79 91
36 91
37 91
91 24
28 25
28 29
43 28
45 28
39 28
40 28
42 28
27 28
25 29
29 43
45 43
39 45
40 39
42 40
42 27
28 24
85 81
86 81
89 81
90 81
84 81
88 81
87 81
80 81
23 80
23 87
23 88
23 84
23 90
23 89
23 86
23 85
81 24
49 51
54 51
22 51
2 51
21 51
3 51
20 51
50 51
51 24
