1
2000
0 56
0 14
0 43
0 64
0 87
0 4
0 45
0 1
0 7
0 84
0 37
0 23
0 97
0 13
0 61
0 78
0 34
0 51
0 69
0 94
1 28
1 33
1 3
1 62
1 30
1 66
1 48
1 77
1 27
1 75
1 6
1 22
1 43
1 7
1 85
1 93
1 45
1 52
1 24
1 97
2 7
2 9
2 3
2 54
2 69
2 34
2 53
2 94
2 72
2 56
2 25
2 4
2 75
2 36
2 35
2 97
2 90
2 98
2 71
2 15
3 60
3 65
3 18
3 40
3 5
3 61
3 54
3 46
3 13
3 53
3 92
3 32
3 80
3 8
3 99
3 76
3 20
3 26
3 79
3 41
4 38
4 60
4 69
4 40
4 97
4 68
4 77
4 61
4 23
4 9
4 64
4 20
4 76
4 54
4 72
4 37
4 88
4 29
4 99
4 63
5 25
5 82
5 62
5 60
5 69
5 47
5 74
5 91
5 10
5 17
5 44
5 63
5 48
5 51
5 24
5 54
5 38
5 90
5 23
5 13
6 52
6 36
6 11
6 14
6 38
6 65
6 54
6 86
6 95
6 51
6 20
6 34
6 17
6 9
6 58
6 69
6 61
6 77
6 46
6 67
7 25
7 70
7 83
7 52
7 23
7 20
7 32
7 17
7 61
7 54
7 30
7 33
7 76
7 35
7 69
7 86
7 60
7 66
7 34
7 24
8 7
8 84
8 19
8 59
8 49
8 39
8 17
8 29
8 23
8 72
8 92
8 20
8 25
8 6
8 91
8 38
8 76
8 16
8 54
8 37
9 3
9 94
9 63
9 37
9 80
9 67
9 52
9 22
9 1
9 30
9 54
9 72
9 92
9 39
9 8
9 89
9 34
9 90
9 61
9 70
10 3
10 86
10 40
10 48
10 87
10 32
10 91
10 36
10 46
10 92
10 52
10 54
10 67
10 96
10 1
10 38
10 29
10 94
10 18
10 60
11 83
11 40
11 43
11 15
11 17
11 45
11 57
11 80
11 50
11 87
11 36
11 70
11 56
11 8
11 39
11 20
11 91
11 65
11 82
11 81
12 28
12 34
12 92
12 7
12 38
12 44
12 68
12 39
12 26
12 96
12 81
12 22
12 69
12 13
12 85
12 72
12 10
12 80
12 57
12 54
13 58
13 81
13 71
13 62
13 85
13 73
13 74
13 64
13 41
13 76
13 89
13 78
13 35
13 25
13 37
13 14
13 60
13 77
13 6
13 51
14 71
14 84
14 56
14 27
14 82
14 1
14 98
14 29
14 12
14 74
14 54
14 49
14 90
14 70
14 34
14 79
14 23
14 40
14 3
14 92
15 16
15 51
15 69
15 88
15 12
15 7
15 45
15 73
15 71
15 24
15 39
15 37
15 46
15 80
15 76
15 3
15 55
15 85
15 35
15 98
16 18
16 91
16 66
16 4
16 88
16 37
16 90
16 25
16 85
16 22
16 82
16 32
16 41
16 42
16 12
16 50
16 2
16 70
16 21
16 57
17 64
17 56
17 13
17 34
17 78
17 32
17 80
17 49
17 1
17 59
17 36
17 42
17 33
17 35
17 69
17 51
17 37
17 41
17 96
17 91
18 76
18 11
18 29
18 32
18 4
18 7
18 40
18 19
18 62
18 72
18 59
18 43
18 77
18 67
18 81
18 50
18 83
18 58
18 82
18 0
19 31
19 71
19 55
19 94
19 59
19 4
19 78
19 52
19 76
19 42
19 65
19 80
19 0
19 15
19 10
19 22
19 68
19 28
19 97
19 23
20 14
20 24
20 35
20 91
20 81
20 73
20 32
20 51
20 70
20 55
20 83
20 66
20 68
20 85
20 37
20 62
20 56
20 17
20 82
20 96
21 11
21 1
21 68
21 90
21 56
21 34
21 70
21 30
21 96
21 88
21 14
21 64
21 12
21 54
21 97
21 52
21 29
21 40
21 66
21 57
22 75
22 69
22 5
22 20
22 40
22 98
22 18
22 41
22 33
22 54
22 89
22 43
22 23
22 26
22 59
22 30
22 17
22 4
22 87
22 48
23 29
23 66
23 37
23 34
23 41
23 49
23 36
23 38
23 60
23 9
23 74
23 58
23 55
23 86
23 40
23 84
23 42
23 96
23 51
23 69
24 72
24 46
24 8
24 79
24 77
24 84
24 73
24 35
24 50
24 25
24 83
24 4
24 71
24 88
24 82
24 6
24 55
24 22
24 58
24 63
25 94
25 84
25 15
25 28
25 40
25 86
25 45
25 32
25 39
25 87
25 54
25 48
25 37
25 47
25 1
25 51
25 83
25 9
25 79
25 77
26 39
26 50
26 72
26 19
26 90
26 53
26 1
26 36
26 29
26 68
26 63
26 79
26 54
26 15
26 0
26 42
26 48
26 89
26 45
26 23
27 77
27 83
27 71
27 97
27 60
27 64
27 96
27 10
27 54
27 93
27 44
27 98
27 75
27 86
27 34
27 5
27 37
27 13
27 81
27 76
28 55
28 99
28 37
28 27
28 74
28 63
28 15
28 80
28 3
28 31
28 35
28 33
28 56
28 50
28 62
28 26
28 44
28 75
28 82
28 54
29 35
29 45
29 98
29 32
29 99
29 24
29 86
29 30
29 34
29 51
29 97
29 39
29 55
29 79
29 46
29 95
29 67
29 70
29 52
29 66
30 26
30 32
30 64
30 91
30 42
30 33
30 96
30 16
30 76
30 69
30 87
30 10
30 15
30 80
30 82
30 47
30 78
30 13
30 8
30 48
31 6
31 10
31 50
31 57
31 72
31 71
31 82
31 18
31 47
31 53
31 76
31 17
31 23
31 55
31 1
31 70
31 42
31 15
31 85
31 75
32 66
32 95
32 19
32 90
32 45
32 21
32 27
32 87
32 26
32 67
32 44
32 89
32 36
32 93
32 14
32 71
32 62
32 78
32 9
32 99
33 3
33 56
33 99
33 40
33 89
33 20
33 57
33 75
33 14
33 39
33 45
33 10
33 46
33 72
33 94
33 51
33 64
33 0
33 23
33 29
34 18
34 15
34 95
34 45
34 49
34 26
34 28
34 91
34 40
34 51
34 64
34 47
34 90
34 37
34 68
34 50
34 93
34 96
34 84
34 87
35 16
35 34
35 82
35 94
35 67
35 42
35 69
35 81
35 36
35 80
35 8
35 45
35 52
35 71
35 48
35 26
35 85
35 31
35 92
35 88
36 27
36 74
36 38
36 90
36 85
36 89
36 61
36 1
36 93
36 42
36 81
36 72
36 44
36 8
36 57
36 47
36 39
36 30
36 12
36 83
37 91
37 30
37 71
37 92
37 18
37 65
37 68
37 59
37 5
37 50
37 49
37 89
37 66
37 22
37 47
37 38
37 74
37 46
37 39
37 2
38 17
38 9
38 79
38 59
38 66
38 20
38 24
38 21
38 76
38 35
38 15
38 44
38 88
38 82
38 34
38 0
38 53
38 80
38 87
38 97
39 7
39 14
39 58
39 61
39 85
39 98
39 17
39 6
39 30
39 67
39 66
39 60
39 88
39 31
39 27
39 55
39 69
39 43
39 44
39 75
40 79
40 80
40 54
40 1
40 8
40 94
40 90
40 71
40 93
40 41
40 87
40 7
40 15
40 20
40 0
40 92
40 42
40 44
40 9
40 61
41 30
41 31
41 8
41 77
41 15
41 55
41 74
41 85
41 5
41 52
41 35
41 10
41 79
41 27
41 96
41 93
41 82
41 9
41 83
41 2
42 44
42 74
42 55
42 79
42 47
42 63
42 7
42 76
42 60
42 98
42 80
42 45
42 57
42 82
42 5
42 15
42 96
42 97
42 85
42 56
43 3
43 59
43 9
43 13
43 94
43 6
43 7
43 53
43 46
43 4
43 96
43 25
43 69
43 71
43 54
43 75
43 89
43 93
43 14
43 35
44 77
44 25
44 0
44 71
44 22
44 94
44 91
44 92
44 49
44 1
44 3
44 52
44 68
44 43
44 58
44 72
44 74
44 69
44 35
44 29
45 78
45 37
45 66
45 86
45 27
45 57
45 54
45 71
45 85
45 9
45 50
45 55
45 2
45 46
45 36
45 12
45 10
45 18
45 98
45 75
46 41
46 13
46 7
46 25
46 97
46 36
46 99
46 71
46 14
46 81
46 11
46 42
46 54
46 31
46 18
46 72
46 88
46 74
46 51
46 83
47 22
47 65
47 59
47 66
47 83
47 68
47 75
47 18
47 11
47 92
47 82
47 46
47 81
47 26
47 70
47 72
47 4
47 0
47 61
47 74
48 57
48 82
48 88
48 71
48 79
48 37
48 61
48 74
48 44
48 33
48 32
48 54
48 68
48 49
48 60
48 34
48 85
48 18
48 95
48 76
49 66
49 5
49 18
49 65
49 29
49 86
49 1
49 63
49 10
49 85
49 73
49 47
49 52
49 89
49 96
49 36
49 39
49 38
49 3
49 51
50 20
50 23
50 98
50 77
50 67
50 42
50 91
50 68
50 44
50 14
50 19
50 48
50 62
50 51
50 55
50 27
50 35
50 25
50 97
50 83
51 79
51 28
51 22
51 45
51 77
51 89
51 74
51 11
51 54
51 73
51 19
51 16
51 31
51 12
51 7
51 3
51 41
51 18
51 35
51 78
52 17
52 12
52 54
52 87
52 39
52 96
52 26
52 82
52 61
52 46
52 77
52 67
52 11
52 32
52 69
52 62
52 25
52 51
52 2
52 86
53 1
53 44
53 99
53 63
53 92
53 64
53 88
53 27
53 90
53 76
53 97
53 24
53 56
53 72
53 70
53 75
53 50
53 59
53 35
53 77
54 78
54 59
54 37
54 47
54 81
54 18
54 31
54 61
54 87
54 11
54 94
54 80
54 64
54 20
54 16
54 0
54 84
54 56
54 35
54 89
55 38
55 5
55 21
55 86
55 10
55 88
55 76
55 77
55 46
55 91
55 17
55 54
55 0
55 82
55 65
55 27
55 9
55 16
55 49
55 69
56 72
56 58
56 38
56 74
56 7
56 26
56 43
56 76
56 86
56 68
56 23
56 6
56 15
56 50
56 48
56 71
56 94
56 32
56 19
56 69
57 74
57 90
57 61
57 46
57 37
57 7
57 96
57 10
57 4
57 97
57 70
57 49
57 62
57 54
57 32
57 76
57 47
57 99
57 34
57 18
58 96
58 14
58 0
58 31
58 78
58 52
58 33
58 95
58 51
58 48
58 36
58 47
58 21
58 88
58 28
58 85
58 91
58 38
58 27
58 35
59 49
59 7
59 13
59 39
59 36
59 33
59 61
59 56
59 31
59 67
59 55
59 84
59 72
59 57
59 21
59 69
59 1
59 15
59 71
59 25
60 24
60 50
60 28
60 77
60 86
60 43
60 37
60 26
60 34
60 2
60 33
60 47
60 91
60 35
60 80
60 83
60 61
60 68
60 70
60 87
61 44
61 2
61 24
61 97
61 33
61 92
61 22
61 68
61 89
61 99
61 10
61 12
61 23
61 83
61 85
61 29
61 79
61 27
61 69
61 38
62 10
62 88
62 87
62 67
62 96
62 91
62 76
62 84
62 89
62 7
62 58
62 55
62 90
62 22
62 78
62 79
62 17
62 14
62 38
62 92
63 90
63 59
63 16
63 88
63 71
63 21
63 48
63 19
63 47
63 51
63 38
63 75
63 70
63 17
63 93
63 58
63 35
63 82
63 80
63 37
64 79
64 22
64 48
64 65
64 82
64 97
64 55
64 50
64 96
64 29
64 89
64 85
64 37
64 59
64 76
64 93
64 43
64 19
64 87
64 49
65 56
65 30
65 81
65 36
65 5
65 48
65 98
65 51
65 57
65 8
65 77
65 15
65 63
65 17
65 73
65 80
65 84
65 28
65 78
65 39
66 30
66 83
66 53
66 48
66 27
66 43
66 52
66 34
66 91
66 17
66 4
66 19
66 54
66 33
66 81
66 35
66 46
66 10
66 71
66 3
67 55
67 91
67 23
67 2
67 36
67 82
67 70
67 74
67 71
67 68
67 79
67 88
67 84
67 66
67 75
67 51
67 56
67 93
67 80
67 0
68 80
68 74
68 17
68 71
68 90
68 5
68 62
68 22
68 8
68 94
68 72
68 54
68 77
68 23
68 81
68 25
68 96
68 99
68 58
68 75
69 51
69 53
69 21
69 45
69 24
69 77
69 20
69 32
69 64
69 10
69 57
69 99
69 28
69 67
69 79
69 70
69 9
69 16
69 37
69 90
70 68
70 48
70 18
70 99
70 43
70 83
70 34
70 33
70 56
70 49
70 38
70 84
70 80
70 39
70 44
70 65
70 95
70 87
70 98
70 97
71 16
71 38
71 5
71 50
71 89
71 9
71 0
71 83
71 1
71 53
71 30
71 6
71 4
71 73
71 98
71 36
71 21
71 77
71 54
71 96
72 19
72 70
72 37
72 61
72 32
72 64
72 84
72 29
72 90
72 45
72 51
72 65
72 0
72 49
72 17
72 80
72 54
72 76
72 60
72 1
73 11
73 45
73 47
73 59
73 58
73 79
73 99
73 57
73 72
73 5
73 97
73 63
73 30
73 48
73 91
73 3
73 89
73 96
73 90
73 84
74 92
74 91
74 83
74 21
74 64
74 86
74 65
74 80
74 11
74 2
74 30
74 43
74 81
74 20
74 55
74 72
74 38
74 1
74 60
74 27
75 96
75 44
75 29
75 11
75 99
75 17
75 59
75 37
75 34
75 56
75 36
75 10
75 61
75 79
75 95
75 14
75 35
75 18
75 84
75 15
76 84
76 86
76 69
76 92
76 70
76 61
76 85
76 93
76 98
76 73
76 78
76 6
76 20
76 0
76 12
76 33
76 35
76 87
76 37
76 81
77 22
77 26
77 8
77 59
77 2
77 91
77 98
77 83
77 89
77 32
77 94
77 19
77 75
77 97
77 62
77 85
77 90
77 99
77 42
77 74
78 44
78 59
78 92
78 24
78 16
78 43
78 60
78 77
78 47
78 82
78 61
78 20
78 29
78 52
78 46
78 33
78 66
78 72
78 73
78 69
79 36
79 70
79 11
79 10
79 98
79 87
79 50
79 0
79 76
79 71
79 31
79 93
79 94
79 35
79 43
79 99
79 18
79 97
79 2
79 86
80 21
80 36
80 6
80 87
80 7
80 97
80 89
80 73
80 90
80 44
80 14
80 24
80 91
80 92
80 25
80 8
80 18
80 94
80 64
80 81
81 14
81 22
81 23
81 95
81 17
81 70
81 64
81 79
81 32
81 84
81 2
81 42
81 83
81 30
81 38
81 94
81 40
81 24
81 88
81 72
82 45
82 94
82 33
82 86
82 57
82 12
82 96
82 17
82 43
82 0
82 36
82 85
82 27
82 13
82 1
82 46
82 90
82 56
82 79
82 69
83 48
83 30
83 55
83 34
83 3
83 90
83 14
83 97
83 56
83 1
83 45
83 51
83 88
83 58
83 68
83 23
83 84
83 8
83 69
83 98
84 2
84 31
84 36
84 22
84 58
84 39
84 9
84 88
84 93
84 40
84 10
84 95
84 77
84 42
84 52
84 21
84 90
84 56
84 91
84 44
85 62
85 25
85 69
85 65
85 53
85 56
85 52
85 67
85 38
85 74
85 96
85 73
85 19
85 81
85 3
85 91
85 87
85 8
85 23
85 6
86 26
86 31
86 19
86 95
86 92
86 70
86 81
86 48
86 84
86 63
86 3
86 41
86 28
86 5
86 51
86 80
86 42
86 54
86 30
86 93
87 9
87 82
87 6
87 93
87 88
87 78
87 21
87 63
87 83
87 69
87 59
87 58
87 89
87 66
87 75
87 61
87 31
87 86
87 17
87 96
88 69
88 12
88 28
88 91
88 78
88 42
88 90
88 41
88 86
88 11
88 40
88 97
88 89
88 95
88 1
88 60
88 14
88 99
88 44
88 96
89 28
89 75
89 59
89 19
89 10
89 55
89 57
89 85
89 2
89 70
89 52
89 5
89 1
89 11
89 20
89 76
89 67
89 47
89 21
89 17
90 79
90 60
90 33
90 23
90 89
90 3
90 49
90 12
90 13
90 37
90 43
90 46
90 58
90 74
90 56
90 78
90 4
90 0
90 91
90 17
91 29
91 69
91 92
91 27
91 96
91 51
91 12
91 95
91 45
91 70
91 33
91 9
91 21
91 59
91 57
91 31
91 48
91 83
91 49
91 98
92 1
92 87
92 21
92 65
92 98
92 11
92 84
92 81
92 49
92 90
92 97
92 38
92 2
92 45
92 83
92 58
92 50
92 85
92 67
92 89
93 8
93 94
93 2
93 47
93 98
93 4
93 9
93 59
93 51
93 49
93 89
93 57
93 70
93 24
93 10
93 39
93 88
93 23
93 42
93 52
94 21
94 88
94 46
94 4
94 83
94 74
94 87
94 70
94 71
94 58
94 64
94 28
94 84
94 45
94 73
94 42
94 23
94 17
94 11
94 49
95 0
95 89
95 23
95 42
95 87
95 76
95 56
95 16
95 78
95 18
95 40
95 31
95 83
95 35
95 1
95 52
95 49
95 3
95 54
95 79
96 2
96 1
96 46
96 79
96 45
96 5
96 72
96 60
96 89
96 13
96 77
96 9
96 47
96 29
96 83
96 92
96 86
96 63
96 97
96 7
97 93
97 17
97 44
97 75
97 41
97 49
97 81
97 48
97 52
97 13
97 55
97 3
97 63
97 66
97 74
97 56
97 47
97 22
97 12
97 37
98 56
98 46
98 1
98 10
98 57
98 44
98 41
98 25
98 34
98 11
98 64
98 35
98 49
98 75
98 67
98 88
98 78
98 8
98 97
98 4
99 11
99 20
99 76
99 35
99 27
99 2
99 91
99 42
99 25
99 51
99 22
99 43
99 63
99 50
99 34
99 30
99 94
99 80
99 67
99 96
